Using dtype = torch.float32 
Using device = cpu
0
0
0
0
0
0
0
0
0
0
0
0
0
0
0
0
0
0
0
0
Starting from fbest = 2.415
0
0
0
0
0
0
0
0
0
0
0
0
0
0
0
35) New best: 2.378
0
0
0
0
0
0
0
0
0
0
0
0
0
0
0
0
0
0
0
0
55) New best: 1.445
0
0
0
0
0
60) New best: 1.252
0
0
0
0
0
0
0
0
0
0
0
0
0
0
0
0
0
0
0
0
0
0
0
0
0
85) New best: 1.178
0
0
0
0
0
90) New best: 1.132
0
0
0
0
0
95) New best: 1.103
0
0
0
0
0
0
0
0
0
0
0
0
0
0
0
0
0
0
0
0
115) New best: 0.9555
0
0
0
0
0
120) New best: 0.8077
0
0
0
0
0
0
0
0
0
0
0
0
0
0
0
0
0
0
0
0
0
0
0
0
0
0
0
0
0
0
0
0
0
0
0
155) New best: 0.721
0
0
0
0
0
0
0
0
0
0
0
0
0
0
0
0
0
0
0
0
0
0
0
0
0
180) New best: 0.5999
0
0
0
0
0
185) New best: 0.5603
0
0
0
0
0
0
0
0
0
0
195) New best: 0.5579
0
0
0
0
0
0
0
0
0
0
0
0
0
0
0
210) New best: 0.5372
0
0
