cur_specs:  [2.86501184e+01 6.60802222e+08 9.69082569e+01 1.36578170e-07]
cur_specs:  [2.86501184e+01 6.60802222e+08 9.69082569e+01 1.36578170e-07]
cur_specs:  [5.21995049e+00 1.29464001e+04 8.83456454e+01 4.80849524e-12]
cur_specs:  [ 1.26632423e+01  1.00000000e+00 -1.80000000e+02  5.20512134e-05]
cur_specs:  [1.77749213e+01 5.01149348e+10 1.14774558e+02 1.23911311e-05]
cur_specs:  [2.53352102e+01 1.40191406e+09 9.91560639e+01 5.69868979e-07]
cur_specs:  [ 1.68869746e+01  1.00000000e+00 -1.80000000e+02  4.22543396e-05]
cur_specs:  [ 5.61662528e+01  1.00000000e+00 -1.80000000e+02  6.14138320e-05]
cur_specs:  [1.67415437e+01 6.94370037e+06 9.48572404e+01 2.62369787e-09]
cur_specs:  [4.94623700e+01 4.85972892e+10 9.36205893e+01 1.41096929e-05]
cur_specs:  [1.04698577e+01 6.82665142e+05 1.01291493e+02 1.94521826e-10]
cur_specs:  [ 9.84484069e-02  1.00000000e+00 -1.80000000e+02  5.52681000e-12]
cur_specs:  [3.02673192e+01 4.58234556e+05 9.45098187e+01 9.14697734e-11]
cur_specs:  [1.34092414e+01 9.20720529e+10 1.00586135e+02 3.49225117e-05]
cur_specs:  [ 1.81928833e+01  1.00000000e+00 -1.80000000e+02  3.93969470e-05]
cur_specs:  [4.18431901e+01 1.96210385e+10 9.02499611e+01 8.33942961e-06]
cur_specs:  [6.63269615e+00 1.37848590e+04 8.55909395e+01 5.74091046e-12]
cur_specs:  [1.83765323e+01 4.18519928e+07 1.02743583e+02 9.26060157e-09]
cur_specs:  [3.34025941e+01 7.52092535e+10 9.41858947e+01 3.25354356e-05]
